LSTM 3.278135937220731e+17 262590669.97255358 0.28260463974405414 -1.0 1.0 -0.003502053620952595 
GRU 3.074915696488964e+17 255023173.9301562 0.32707786133682293 -1.0 1.0 -0.003502053620952595 
ARIMA 0.014441680075731213 0.05178822141666042 0.6177428179588798 
TKAN 2.5761648173124854e+17 229875082.07285836 0.20901799971427437 -0.9474054554798833 1.0 -0.00021011397904072439
Holt-Winters 0.024053722136891862 0.07729197273850823 0.21282569762915626 
TKAN 4.166289485213944e+17 265341243.22552451 0.20598669646986323 -1.0 1.0 0.002977335068252009 
ARIMA 0.009883959250969469 0.04517937100453115 0.6697410379363637 
LSTM 8.885111779414698e+16 116382533.4082444 0.8444737374545249 
GRU 8.381502337162227e+16 113366045.97119276 0.8532889900542028 
TKAN 1.0511893279575136e+17 127221123.18028867 0.8316129219312052 
LSTM 1.4596034820631104e+17 164944387.92036736 0.8101877608076585 
GRU 1.576420484589886e+17 168850990.38884485 0.7949964452573871 
TKAN 2.5431035320802982e+17 204279063.25371012 0.6692854063591626 
